003240
005800
005810
066620
004365
024830
002355
000590
377450
000370
023590
00088K
029530
37550K
032190
016090
0003960
248070
0053700
007860
373160
323410
298020
139130
104480
006405
000215
267250
035720
000155
055550
316140
012750
123420
252990
136480
003380
028670
005387
241560
103140
011785
002030
000070
145995
001130
036530
005725
000120
004150
004690
058650
122900
015360
051160
460870
145720
101160
003480
054800
005710
079960
053700
004590
049430
290650
200670
079940
000700
026890
093320
263860
241710
